# binary codes

code from nzbart: https://github.com/sui77/rc-switch/issues/242

A: 01110110110110000000 111 1 1001 111 0 0
B: 01110110110110000000 110 1 1001 110 0 0
C: 01110110110110000000 101 1 1001 101 0 0
D: 01110110110110000000 011 1 1001 011 0 0

To turn the switches off, the 23rd (base 0) bit is set to 0, and the 31st is set to 1.
For switch D:
* On:  011101101101100000000111100101100
* Off: 011101101101100000000110100101110
                              ^       ^
protocol: { 385, { 1, 17 }, { 1, 2 }, { 2, 1 }, false }

The wiki page (https://github.com/sui77/rc-switch/wiki/Description-of-socket-protocols-from-different-brands-and-models) explains that if only send(char*) is to be used, no modifications other than adding the protocol above are required.
Since the first data bit is 0, send(char*) works by chance.  The first sync bit can be treated as a data bit, and is included in the codes.  The last sync bit is automatically sent.

To turn switch A on:
```
mySwitch.send("011101101101100000001111100111100"); 
```

My transcribed codes
A on:  0101101001101001000011110000011100
A off: 0101101001101001000011100000011000
B on:
B off:
C on:
C off:
D on:
D off:
all on:



# Samples

## from nzbart
404,744,400,748,400,752,392,232,924,228,916,752,400,748,404,744,404,740,400,232,916,232,924,228,10316,236,920,748,388,760,400,744,400,228,920,752,416,732,412,216,916,756,400,748,392,232,924,744,408,740,404,224,936,216,916,236,924,220,916,236,920,228,932,220,916,752,396,752,408,740,396,752,400,748,400,224,920,232,920,748,412,736,408,744,404,740,412,216,932,220,924,224,10324,228,912,756,392,756,396,748,408,224,916,756,400,744,400,228,928,744,392,760,396,232,920,752,396,752,400,224,932,220,924,224,920,228,920,232,916,232,920,228,916,756,396,756,400,744,408,740,400,748,396,232,920,232,916,748,412,740,408,740,400,748,400,228,924,224,924,228,10316,232,920,748,400,748,400,748,400,224,924,752,400,748,392,232,928,744,400,748,400,228,944,732,396,748,400,228,920,228,924,224,940,212,916,232,924,228,920,224,916,760,396,752,400,748,396,748,404,748,400,224,920,232,924,744,408,740,400,748,412,736,400,228,924,224,924,228,10312,236,928,744,392,756,412,736,400,224,920,756,404,740,400,228,928,7 44,400,7

## from my remote

A_on_samples:
1:301,862,827,339,293,868,295,865,827,336,302,864,294,864,301,865,295,867,826,335,826,336,825,342,816,345,292,872,291,867,293,868,295,869,294,878,816,336,824,336,822,342,293,869,294,10376,293,860,830,335,299,864,825,333,828,333,297,862,825,336,295,869,298,867,822,336,823,338,293,870,822,334,297,869,298,862,823,341,294,873,294,862,297,866,304,861,824,340,820,336,825,342,819,338,297,867,296,872,290,871,287,875,290,868,822,337,822,340,820,345,292,873,289,10380,294,866,824,334,299,861,829,335,823,335,300,862,827,338,293,866,296,866,827,333,825,335,296,874,815,334,299,866,297,867,820,342,294,871,294,871,292,868,293,864,830,334,827,336,823,342,818,339,298,863,299,865,294,877,289,868,294,866,822,338,824,341,821,340,294,868,297,10369,297,860,833,335,297,865,831,337,823,333,302,865,827,332,301,862,302,860,827,337,829,333,294,864,834,335,293,864,300,865,825,337,297,871,291,865,302,869,288,867,821,344,821,335,826,336,821,340,296,873,289,869,298,864,296,871,292,865,825,339,820,339,822,341,294,867,294,10381,291,865,829,334,299,866,827,334,824,335,300,864,826,335,301,865,293,869,826,337,821,341,297,859,831,335,296,865,298,870,823,334,294,877,287,867,300,862,301,870,820,336,826,338,822,338,822,341,292,872,293,867,295,865,298,867,299,864,821,339,824,341,819,345,287,879,287,10370,299,861,830,332,299,863,829,331,832,334,293,872,822,338,296,866,297,862,828,334,826,335,298,872,817,337,295,867,299,863,823,340,293,874,289,870,298,867,292,868,833,329,828,336,828,334,823,339,295,870,293,869,293,871,292,868,297,871,820,332,828,342,818,338,298,864,296,10375,295,861,833,332,297,867,825,335,831,331,298,866,822,338,297,869,295,863,827,337,822,338,296,870,827,333,295,869,295,866,823,336,298,863,300,864,296,865,298,866,823,342,825,334,822,339,825,337,296,865,299,865,299,864,294,868,297,868,821,342,818,338,825,338,297,872,289,10379,292,862,824,335,297,867,824,336,821,343,293,867,823,338,298,862,303,862,825,337,821,338,297,869,823,337,297,872,288,870,824,338,292,869,297,865,298,862,299,869,823,340,819,348,821,332,
2:828,339,819,338,299,868,293,868,296,864,299,868,294,870,820,334,828,337,821,342,292,867,295,10375,297,860,831,331,300,863,829,332,825,332,300,861,825,337,298,864,300,859,834,334,824,332,299,861,832,328,299,864,303,861,825,334,298,868,296,864,300,864,299,862,869,301,820,335,826,337,822,340,294,867,298,863,299,865,294,867,296,863,832,329,826,334,825,341,295,871,291,10374,301,857,833,334,296,858,832,334,831,327,300,859,834,329,299,862,302,858,829,335,828,333,297,862,828,341,292,869,294,866,823,333,301,865,301,864,298,864,297,861,830,333,835,330,826,336,824,337,299,862,300,862,299,866,296,864,301,866,821,336,832,332,823,338,295,866,301,10367,299,857,832,335,302,867,825,333,828,334,305,859,826,334,303,861,301,861,827,331,830,338,294,866,827,335,298,865,297,863,825,337,298,866,300,859,304,862,299,862,823,339,823,336,830,342,814,337,299,867,296,865,298,863,297,864,301,863,826,336,823,346,820,334,296,864,300,10372,295,867,827,329,307,860,829,332,825,335,301,867,832,326,301,865,299,860,829,334,826,329,306,861,829,335,295,863,302,872,824,327,300,866,297,867,297,863,301,862,830,331,827,340,822,336,831,332,298,863,301,865,293,866,298,865,296,868,822,337,829,335,823,343,288,874,294,10369,295,866,826,335,298,862,828,332,832,332,302,861,828,344,293,865,294,864,826,334,826,334,300,864,828,333,299,869,296,865,829,331,297,866,297,867,298,866,297,862,827,335,823,339,828,332,827,335,304,862,297,870,291,872,292,864,298,871,817,337,828,337,823,335,300,869,295,10367,298,862,830,329,302,865,828,331,830,330,304,863,827,332,304,869,289,864,822,335,826,333,303,863,827,333,303,863,300,864,825,333,300,873,294,870,290,863,301,863,826,340,821,335,827,336,830,330,299,874,291,868,298,860,299,865,296,870,821,330,831,335,827,336,295,875,290,10382,289,857,829,338,293,863,826,334,826,336,299,866,824,334,301,863,301,866,822,333,825,338,297,865,827,340,293,863,300,864,828,332,301,865,303,859,300,863,294,872,825,338,820,337,827,334,825,334,299,869,295,872,291,866,297,861,301,865,824,336,826,338,824,337,294,867,293,10369,
3:334,825,334,830,336,298,864,299,865,297,863,301,866,296,861,834,327,826,337,831,332,296,867,298,10370,300,855,829,344,298,864,825,329,831,330,305,862,833,326,304,862,300,862,826,333,828,332,300,866,828,333,300,860,304,865,824,335,298,873,288,864,301,862,298,865,831,334,825,332,830,333,832,329,303,866,299,866,289,863,300,870,291,871,821,335,829,336,823,337,300,858,301,10369,298,858,832,333,298,861,828,331,830,332,300,862,826,329,308,858,300,859,829,335,826,335,297,863,827,335,295,865,302,862,832,328,302,865,295,864,301,862,297,863,831,334,826,338,823,338,823,336,299,871,292,862,300,861,298,861,298,869,823,338,823,336,824,336,297,875,290,10371,300,857,845,325,294,861,827,333,829,334,297,861,826,330,303,868,296,860,830,332,828,339,291,863,825,336,301,865,298,860,828,336,296,870,297,860,307,856,300,863,829,335,827,336,824,333,828,333,301,861,307,858,298,870,294,864,302,861,825,335,824,337,825,342,294,864,298,10369,350,808,831,330,305,862,832,335,825,332,302,867,824,333,300,865,299,868,820,333,828,331,302,861,832,333,299,862,301,868,819,338,299,866,297,865,300,865,293,865,824,332,832,332,829,335,823,334,300,874,288,872,293,866,294,864,301,860,830,334,827,334,825,337,297,867,297,10374,293,865,832,324,305,863,834,325,831,331,303,866,823,336,300,862,300,860,835,326,828,333,306,857,831,333,299,860,304,861,828,335,299,868,294,863,308,858,299,863,827,337,822,337,826,334,827,339,297,865,295,863,299,871,292,862,300,870,820,335,828,340,819,336,298,868,299,10368,294,863,829,335,297,858,830,333,833,330,302,867,824,334,302,862,300,861,826,334,845,320,297,862,829,334,299,862,302,863,827,330,303,865,298,864,301,862,304,856,831,333,825,337,827,334,824,338,296,864,302,866,293,866,299,869,292,866,822,335,827,336,825,335,298,872,289,10380,291,857,832,334,299,873,817,335,828,335,297,872,819,333,302,868,296,862,826,331,829,334,299,869,825,334,299,863,301,863,823,336,299,860,302,866,296,860,303,868,820,339,823,334,824,337,827,336,295,868,297,867,298,864,298,865,298,867,821,334,824,337,825,340,294,867,295,

A_off_samples:
1:352,282,877,286,878,285,10383,289,878,808,347,290,875,816,351,811,349,285,878,816,349,286,879,286,873,812,354,811,349,287,875,816,347,287,873,287,880,814,351,283,878,287,881,283,876,281,882,816,347,812,351,810,355,281,879,286,883,283,876,285,877,286,875,285,880,814,348,815,351,281,878,286,878,286,10386,288,875,816,349,284,875,818,350,812,349,285,876,815,348,286,875,289,878,814,351,810,353,282,884,808,351,283,878,286,879,812,349,281,882,284,880,284,879,285,878,813,354,808,346,812,360,279,879,281,879,286,878,283,881,283,879,287,875,810,354,812,352,279,876,287,881,281,10393,284,877,817,353,279,874,821,347,812,350,280,882,810,348,286,877,288,874,816,350,810,353,280,876,815,347,288,873,290,877,812,350,283,885,280,880,283,879,285,876,815,350,813,349,813,360,270,879,290,882,276,878,287,887,279,882,276,878,815,349,813,348,288,877,284,881,284,10384,291,880,807,347,292,877,810,353,809,351,284,876,809,353,285,873,288,876,815,351,811,350,284,881,812,350,281,878,289,877,808,357,282,882,284,876,284,879,282,879,809,353,813,350,811,350,285,873,290,878,283,878,288,878,282,883,281,875,812,352,812,347,286,879,287,877,286,10381,290,871,819,350,284,920,771,346,813,350,286,883,806,351,285,878,283,877,814,350,814,352,281,875,819,353,280,875,286,881,812,354,281,878,285,878,285,882,280,881,813,354,805,358,807,348,286,877,286,880,281,879,288,883,272,883,284,879,812,352,811,349,283,877,287,881,282,10389,291,870,817,350,281,878,815,351,814,349,278,877,821,344,283,873,293,873,819,347,809,352,282,877,812,350,284,880,285,874,814,346,287,883,279,885,282,876,288,875,815,350,812,349,813,352,283,878,285,884,277,880,284,883,280,876,289,876,811,351,811,348,287,883,282,879,282,10387,289,872,817,354,281,874,818,349,814,348,282,877,812,352,285,873,286,880,813,349,810,347,287,877,815,343,291,879,282,877,813,351,284,877,288,876,285,877,285,875,819,344,814,353,810,348,286,878,284,886,276,878,285,882,284,879,282,882,807,347,819,346,286,883,280,878,285,10390,282,876,814,357,275,881,807,353,814,347,286,876,816,349,286,882,278,
2:348,813,345,289,880,285,877,288,878,279,873,292,878,284,878,813,344,818,348,286,876,289,874,287,10382,289,875,818,343,289,877,818,343,818,344,287,876,816,344,293,867,291,874,817,349,815,346,292,871,824,344,285,871,291,887,804,351,282,879,287,875,285,882,288,874,815,349,812,351,809,358,276,878,289,875,286,873,292,874,284,879,284,878,816,351,812,345,286,878,286,882,279,10386,294,874,811,346,289,880,815,348,813,344,287,877,812,350,285,877,281,883,809,350,811,346,291,874,816,348,286,880,284,874,816,342,290,875,290,877,289,880,285,868,817,345,813,354,815,348,285,873,291,872,287,875,290,875,291,870,287,881,811,352,807,350,288,873,290,877,282,10385,297,875,809,349,287,875,818,348,813,350,283,874,815,345,292,875,286,874,812,349,813,350,287,876,817,348,287,872,291,875,811,346,292,872,289,871,288,881,282,880,815,344,820,348,813,346,287,876,287,878,284,876,287,879,284,878,284,879,812,347,810,353,286,877,286,877,285,10381,292,874,812,343,292,879,809,348,813,348,290,878,813,344,289,875,289,876,814,342,823,343,286,879,815,355,278,875,293,873,818,347,283,879,287,878,287,869,292,873,821,347,814,345,817,346,286,878,292,870,287,881,280,883,285,875,286,874,816,342,817,342,292,876,284,879,288,10385,289,877,814,341,293,879,814,345,815,347,285,877,815,342,290,872,290,872,819,351,813,350,276,877,814,347,288,880,285,880,809,348,286,875,287,876,291,878,280,882,815,348,809,351,815,352,281,877,303,858,287,876,289,873,287,882,284,874,814,350,810,351,282,879,290,873,287,10381,297,874,814,344,291,873,820,342,818,344,286,875,815,347,286,876,291,873,811,353,812,351,281,880,810,348,288,875,287,875,817,346,283,879,289,874,293,869,292,869,821,343,822,341,817,348,284,875,289,884,277,880,287,878,286,875,282,882,809,358,810,343,288,881,282,877,286,10386,290,871,816,353,283,870,816,344,816,349,289,873,819,347,286,874,289,875,814,349,815,347,288,870,823,346,285,876,288,875,813,350,283,877,288,875,292,874,287,875,815,347,815,347,814,346,286,876,286,878,286,876,291,875,289,871,288,874,815,352,812,354,280,875,286,875,287,
3:877,283,875,292,872,290,873,821,346,815,343,814,350,290,877,287,874,290,878,285,872,287,880,282,876,814,348,811,349,287,874,292,871,291,10386,288,876,814,344,287,882,812,348,815,347,287,879,811,344,288,878,285,878,812,346,815,349,285,878,806,350,290,876,287,878,807,353,285,875,290,874,290,874,289,872,820,349,812,345,816,349,287,873,289,877,285,872,291,878,280,879,291,880,807,352,811,345,287,874,293,875,288,10387,291,872,809,355,281,877,821,344,815,353,275,886,809,344,291,870,295,871,815,347,814,350,284,875,816,345,287,874,286,879,813,344,289,882,281,887,280,880,282,875,822,343,819,343,814,346,287,877,287,881,285,878,284,874,288,879,287,875,815,346,814,348,285,879,285,881,280,10389,288,883,808,348,280,877,813,352,814,351,278,879,816,352,285,878,288,872,818,340,817,346,287,878,819,345,285,875,288,878,817,346,287,880,279,880,287,879,280,876,815,348,817,349,812,345,283,883,285,877,286,878,284,884,278,877,286,877,814,348,816,346,287,880,283,875,287,10390,287,876,813,353,279,875,814,351,808,349,291,880,807,349,287,874,289,878,810,354,811,345,290,880,812,346,285,882,280,882,815,353,280,876,286,875,260,20,885,286,881,810,351,816,348,814,342,290,873,287,881,283,878,287,883,276,885,282,873,813,348,816,348,289,871,288,878,286,10385,289,879,812,346,290,875,814,352,810,355,280,875,815,344,287,876,288,879,813,350,812,352,275,880,811,349,291,873,292,881,800,353,283,879,288,878,284,876,289,873,295,22,42,19,441,345,817,352,810,342,289,873,292,883,278,877,289,877,285,877,284,881,804,350,820,346,287,871,292,886,274,10392,285,877,812,349,292,875,817,344,817,341,290,874,816,343,289,874,292,873,819,339,816,347,288,878,817,350,281,877,291,873,813,348,291,875,289,876,287,874,282,878,815,347,811,352,812,356,278,873,294,870,292,875,287,878,280,878,289,880,812,344,814,350,282,882,285,874,291,10390,278,874,813,348,284,881,812,349,813,351,252,29,886,811,343,292,875,288,877,812,351,814,348,283,874,818,346,287,877,287,879,813,344,286,876,289,875,289,875,280,881,820,354,803,353,818,344,289,877,287,877,289,

B_on_samples:
1:345,288,875,291,872,289,872,290,875,292,871,817,345,289,874,820,345,289,874,290,10381,291,870,825,340,291,865,824,344,817,342,291,872,816,340,292,874,292,870,821,345,816,347,284,871,821,342,292,871,292,871,816,346,291,872,293,876,288,870,292,872,820,342,819,346,288,877,814,345,291,874,292,870,290,869,292,871,295,869,820,345,286,875,821,341,292,874,287,10384,295,876,815,343,289,874,818,343,819,348,288,879,815,345,288,875,289,869,819,341,822,341,290,880,816,345,288,876,292,867,818,350,285,878,288,873,287,867,296,880,808,352,814,345,289,871,814,346,287,876,288,873,291,871,293,870,292,871,820,349,288,878,813,345,290,873,292,10378,292,869,822,342,293,870,824,339,819,344,293,872,821,346,286,872,293,870,817,348,815,345,292,872,819,348,285,874,290,876,817,341,293,874,288,876,289,867,295,874,818,353,809,349,285,881,813,344,292,879,283,877,285,873,289,876,287,881,807,349,286,883,808,345,290,877,288,10390,285,875,818,345,288,875,815,353,806,348,285,877,816,342,286,879,286,879,813,347,814,351,283,878,811,347,288,873,291,878,811,355,279,877,286,878,287,876,287,876,815,349,812,351,285,880,811,351,286,873,290,878,283,876,290,881,281,880,810,350,283,881,812,350,285,881,283,10394,279,876,816,345,286,878,813,348,817,351,282,881,812,350,284,883,282,879,810,348,813,348,287,883,803,351,286,878,285,882,804,356,277,885,283,878,284,881,283,873,815,350,809,354,283,883,809,354,280,882,282,878,285,885,280,879,284,877,814,351,282,878,812,353,280,881,288,10390,283,876,816,348,285,876,817,346,813,354,279,882,810,351,286,876,287,875,815,346,814,348,289,880,811,352,282,878,285,876,817,352,280,887,278,879,284,878,281,879,811,352,811,354,280,884,810,351,282,885,282,876,285,880,284,877,285,880,813,350,283,882,809,351,285,877,287,10387,285,886,808,350,286,876,813,351,811,354,280,883,811,347,290,875,285,893,797,351,810,349,288,879,813,351,280,879,286,880,813,347,284,886,277,880,286,878,286,882,811,347,813,361,273,884,805,351,281,883,281,881,286,877,281,883,280,886,804,351,280,879,811,350,282,886,282,10387,282,880,
2:874,291,875,287,874,817,349,817,340,291,877,817,344,292,872,290,878,284,872,293,870,290,879,814,348,285,879,818,343,287,878,289,10382,294,872,818,340,292,875,814,347,820,343,291,875,815,352,283,873,290,874,817,350,812,347,290,871,820,347,286,876,289,876,816,345,287,876,289,872,292,877,286,874,819,344,816,346,290,876,815,349,289,874,290,872,287,881,282,876,287,877,815,344,293,875,812,351,283,880,282,10390,291,873,819,344,290,873,819,347,811,349,288,881,810,351,285,882,281,883,809,343,816,345,289,885,811,343,290,875,291,873,816,344,290,874,291,884,272,875,291,878,814,359,804,352,280,876,816,343,287,879,286,879,284,876,292,872,287,871,822,348,284,877,819,351,280,871,292,10382,294,867,822,352,287,872,815,349,817,344,288,882,813,345,290,875,285,874,818,347,814,345,291,874,817,348,285,875,291,878,815,346,289,878,282,875,290,877,287,874,816,348,816,348,286,871,822,360,276,873,290,877,286,875,290,872,288,877,812,351,285,878,817,343,287,880,284,10388,287,875,821,345,288,874,815,347,819,347,285,876,817,344,293,874,288,871,816,353,810,349,290,875,814,354,279,880,291,874,809,352,287,878,283,876,288,883,280,887,807,348,811,349,288,875,817,348,291,873,291,874,284,878,285,882,288,873,813,351,284,878,817,343,293,876,288,10383,291,872,818,347,287,870,821,347,816,344,289,872,824,342,292,875,288,880,811,347,813,352,283,874,819,348,287,872,292,871,820,346,283,877,292,877,286,878,286,871,819,352,810,350,289,876,814,350,285,875,290,874,288,875,290,870,295,872,814,345,290,882,812,346,288,876,288,10385,291,872,818,344,292,880,809,350,814,343,291,876,819,341,291,872,292,872,819,344,812,351,286,872,820,343,293,872,286,877,817,344,290,872,291,875,287,878,282,874,821,344,817,343,291,873,820,344,288,871,294,873,286,887,281,874,282,880,818,349,288,873,818,347,286,874,290,10385,287,876,816,344,290,877,818,340,822,345,290,876,816,344,290,872,293,872,815,345,821,343,289,872,822,344,291,871,290,878,814,351,285,877,285,873,293,875,287,875,821,343,815,345,287,876,819,345,285,883,286,872,290,880,283,874,287,889,
3:874,292,873,811,344,290,876,289,883,283,875,292,867,822,351,810,352,287,878,811,346,290,874,289,878,284,881,282,876,308,861,806,344,289,875,818,340,289,881,285,10395,285,878,816,343,286,880,815,344,817,343,290,873,818,346,292,876,287,877,807,348,818,343,290,875,820,346,289,872,293,874,814,344,291,872,293,875,281,880,284,878,815,348,813,348,286,876,815,342,291,875,287,876,290,868,291,876,287,874,823,346,285,873,820,348,283,878,290,10377,290,882,814,340,295,876,814,345,820,338,293,880,814,349,286,874,290,878,811,348,814,348,286,878,815,352,282,874,290,874,816,349,285,878,289,873,291,869,289,877,817,349,815,346,284,878,821,352,280,875,288,870,291,874,287,880,286,878,815,345,290,876,817,336,293,875,286,10388,287,879,813,351,286,877,811,351,813,350,285,880,812,343,293,872,293,874,816,341,823,341,287,872,826,344,285,881,283,879,810,350,288,875,289,869,291,883,285,876,817,344,813,354,280,884,814,346,286,873,292,870,292,873,288,868,301,873,814,340,295,874,817,343,293,877,290,10380,288,876,816,355,278,869,824,335,831,339,290,877,817,345,287,882,284,873,816,344,816,345,289,876,818,347,285,879,289,872,812,344,294,878,282,881,289,868,296,871,815,346,818,351,285,874,816,345,288,882,280,878,289,875,287,874,292,874,815,347,283,883,813,349,287,872,291,10378,292,873,822,343,293,876,811,347,817,347,289,871,817,349,286,881,283,870,821,341,817,342,290,876,818,345,287,879,286,876,812,345,288,874,293,878,281,879,285,873,818,348,814,346,286,875,819,348,284,881,285,873,290,876,289,869,290,873,821,341,293,873,821,342,291,879,283,10383,288,873,818,347,289,873,824,338,821,340,293,874,816,346,293,873,288,869,818,344,821,340,291,873,823,343,290,870,295,879,810,348,289,873,290,871,294,873,286,878,817,348,810,346,289,876,817,346,292,874,290,872,286,875,289,874,289,878,817,341,292,870,824,343,286,885,284,10381,286,881,814,344,289,874,815,351,811,344,287,874,819,341,287,871,290,885,808,345,819,343,293,871,810,347,290,878,289,873,818,343,290,880,279,880,286,877,285,875,818,345,819,345,290,870,820,349,282,884,

B_off_samples:
1:345,290,882,278,877,288,882,280,874,292,879,286,880,278,876,817,352,282,876,289,876,287,871,290,10388,288,871,815,350,290,878,813,342,815,352,284,871,821,344,286,874,290,871,820,345,815,349,286,877,816,348,288,874,291,873,810,352,284,879,287,873,293,874,284,875,812,350,815,350,286,874,292,870,290,878,283,875,293,872,288,877,288,874,808,352,283,879,286,877,286,871,290,10392,279,875,815,354,105,173,885,809,349,812,350,289,880,808,354,242,40,884,145,18,32,23,63,881,810,353,805,350,291,873,280,536,353,281,879,281,889,676,129,349,283,883,283,877,283,880,284,884,805,355,812,349,207,74,884,286,875,288,885,277,878,270,895,281,876,290,877,814,351,278,889,278,885,277,881,286,10396,280,873,474,49,29,262,353,281,878,796,18,349,186,625,359,281,876,811,344,286,880,287,873,125,690,351,811,346,287,875,812,353,285,874,286,880,813,351,282,876,289,876,289,879,282,870,821,345,810,355,287,873,287,880,289,870,288,872,292,876,286,874,284,876,817,349,282,876,280,234,418,218,303,372,213,4,225,61,291,808,875,151,18,141,19,984,18,692,483,17,429,5,274,313,283,668,374,18,581,330,225,166,174,216,5,158,246,251,5,134,731,18,564,296,362,326,174,832,170,155,306,170,447,251,820,192,20,132,823,196,145,292,767,18,92,813,163,178,298,869,298,390,434,48,808,246,98,820,286,18,46,284,267,255,18,319,839,144,174,311,872,296,773,98,814,137,209,289,870,300,211,545,111,289,867,292,757,111,823,342,826,337,292,523,154,17,178,301,560,303,292,872,291,324,326,221,294,591,274,293,875,287,763,111,823,340,291,426,151,293,296,786,85,291,868,295,618,433,2235,149,1728,2098,1182,934,18,210,771,291,310,564,822,339,292,505,265,18,86,813,349,817,343,286,872,826,351,285,871,290,868,819,341,820,350,282,875,823,339,293,855,309,870,821,336,293,875,293,288,586,301,761,93,288,877,822,349,813,369,261,872,292,876,285,875,294,865,293,871,294,403,464,294,874,811,351,293,872,289,874,288,869,295,8995,1386,286,877,819,343,293,875,818,342,821,341,285,887,805,347,296,872,285,876,815,349,813,343,291,876,818,342,289,
2:882,285,877,285,878,286,871,816,347,288,875,293,870,282,875,294,10382,288,877,814,350,291,865,820,348,814,351,285,882,808,354,284,876,287,872,816,347,815,352,283,873,819,345,287,878,284,879,815,347,288,884,277,877,288,882,280,871,819,342,821,351,290,875,284,872,289,876,286,874,289,872,291,871,287,875,815,348,288,869,295,876,286,871,288,10386,290,872,818,344,290,872,820,341,814,349,282,876,822,352,275,873,288,885,808,349,812,347,287,874,814,350,286,874,292,874,816,351,277,886,283,871,293,874,291,878,811,346,816,347,287,872,286,880,286,876,283,879,284,881,287,875,288,876,813,341,288,878,286,880,282,879,288,10384,283,877,817,347,289,873,816,347,818,345,288,878,807,357,285,875,286,878,814,339,819,354,285,876,815,343,292,877,284,875,817,345,290,876,288,874,287,876,285,874,813,351,816,345,286,877,286,875,288,876,285,870,291,874,287,875,289,875,818,347,288,878,285,875,292,876,282,10386,290,879,806,343,288,874,817,347,815,348,290,873,815,342,292,878,285,879,813,344,329,38,448,351,286,875,816,350,281,876,293,875,816,347,284,878,287,872,291,872,289,880,811,353,809,353,285,870,293,876,287,879,281,880,287,877,281,882,283,884,810,343,294,871,291,873,286,888,276,10393,289,875,807,347,289,876,819,342,819,346,285,872,817,352,285,871,287,876,568,31,29,36,27,125,349,819,343,284,870,823,342,284,885,289,870,813,346,291,877,287,864,296,876,289,868,828,341,814,350,288,876,290,871,292,876,286,876,287,875,285,879,285,872,822,345,283,875,292,878,288,882,279,10386,287,872,821,343,286,879,815,352,809,348,284,880,813,342,290,873,292,875,816,339,821,340,288,878,815,348,288,871,289,883,809,348,285,877,288,872,291,876,291,867,822,349,814,353,278,883,282,879,284,875,288,872,290,873,293,879,281,874,818,347,283,878,290,873,288,870,295,10381,294,871,819,339,282,877,819,353,814,351,283,880,812,342,296,866,298,874,810,345,819,350,283,873,823,341,283,882,286,873,816,356,283,878,285,876,288,871,285,882,815,341,823,340,288,877,288,872,292,874,288,880,284,877,285,877,304,857,814,348,283,879,284,875,290,877,286,
3:872,821,340,290,870,294,871,822,343,816,343,290,873,818,344,289,875,287,877,814,347,286,878,287,876,290,872,291,873,816,347,815,345,294,870,287,873,292,872,288,873,292,877,286,878,284,872,817,351,282,877,285,879,286,877,287,10382,291,880,811,343,288,877,818,341,822,339,290,876,817,347,288,878,286,872,817,345,816,346,288,882,812,344,292,871,292,877,812,348,288,879,287,872,288,868,295,872,816,347,816,348,284,875,293,873,286,872,290,878,285,881,280,873,290,875,813,349,288,876,288,880,286,877,283,10382,288,874,821,346,284,879,812,354,806,343,291,885,810,342,291,888,280,866,820,345,816,343,291,874,824,343,287,871,293,875,814,353,280,880,287,869,295,879,283,877,816,347,812,345,292,874,291,871,288,877,291,869,294,872,289,872,298,868,816,347,288,876,286,873,289,875,285,10394,289,870,821,339,292,874,819,344,820,339,292,870,822,338,290,872,295,874,819,342,815,343,290,877,814,348,283,876,291,873,818,342,289,877,288,895,269,892,276,879,818,340,823,344,279,896,261,885,282,3113,93,283,2449,412,347,286,884,276,896,263,890,280,10396,266,870,828,338,292,876,811,338,823,346,285,878,814,343,291,871,295,867,829,337,818,342,289,872,815,346,290,874,289,876,816,342,302,861,295,869,292,877,288,870,822,342,822,342,291,874,288,877,287,871,291,874,289,875,289,876,289,871,817,345,288,874,292,869,289,878,288,10385,291,872,815,347,289,871,823,339,822,341,295,865,822,341,296,876,289,865,825,342,820,345,289,875,818,352,280,876,289,873,817,348,285,879,287,871,295,875,284,871,817,345,820,345,289,874,289,877,289,868,293,871,294,871,290,875,290,868,821,342,289,881,285,871,292,869,297,10377,290,880,815,338,298,868,823,342,823,341,289,876,817,341,293,875,291,872,828,334,814,349,290,874,822,339,291,874,289,875,822,335,290,878,289,872,294,870,291,874,818,347,817,345,290,869,296,867,297,869,290,872,292,872,288,872,290,881,814,345,289,875,290,873,290,873,292,10384,294,870,814,342,298,868,822,345,819,344,290,883,811,338,293,873,293,871,819,337,821,340,298,871,824,347,284,883,282,870,820,342,291,874,291,874,288,875,290,

C_on_samples:
1:881,815,348,813,345,290,876,287,872,289,880,285,871,291,875,284,878,817,347,814,358,275,879,286,10385,293,876,814,342,294,872,819,347,825,337,287,880,814,345,289,876,287,878,811,346,818,350,284,876,814,344,292,874,290,874,814,346,289,878,282,879,286,872,290,879,811,349,287,878,813,347,816,348,289,876,287,879,286,878,281,877,289,872,290,878,811,347,816,351,284,879,286,10377,303,864,818,350,283,873,815,345,815,344,291,878,815,345,291,872,292,876,812,346,817,352,281,879,812,345,289,876,286,877,815,344,294,876,286,874,290,868,293,876,818,343,288,875,816,344,816,352,285,875,289,872,291,876,284,873,296,875,285,875,815,350,818,339,290,878,285,10385,296,872,820,347,286,871,816,345,812,349,287,876,816,340,289,876,289,881,810,348,813,347,289,872,817,348,285,874,291,878,812,347,285,879,285,877,287,879,284,880,816,364,268,871,819,344,820,340,289,879,286,875,289,876,288,875,289,872,289,877,817,347,813,348,287,880,283,10390,287,872,823,341,291,874,819,343,819,347,288,876,814,345,291,877,288,871,818,346,814,347,288,872,817,346,290,875,286,876,813,348,284,880,287,875,288,874,288,873,817,345,290,872,813,350,814,350,284,888,275,876,290,877,283,880,287,873,288,872,816,342,822,347,285,878,284,10396,283,871,822,345,288,875,814,346,818,347,290,878,815,347,284,879,285,877,815,342,815,348,286,879,814,346,289,873,295,872,816,344,291,868,294,874,286,876,287,879,818,342,292,873,815,343,820,345,288,874,292,875,283,881,285,873,287,876,289,875,816,342,819,348,287,875,288,10381,291,873,817,343,290,877,819,341,820,353,283,876,816,346,290,873,289,878,810,347,816,347,288,874,820,344,286,875,287,884,813,344,287,878,285,881,284,872,289,876,820,344,289,872,817,342,821,346,289,874,286,873,294,872,289,878,288,873,287,876,818,345,815,348,288,874,288,10386,292,874,813,344,295,870,819,350,813,343,288,874,818,346,283,876,288,880,814,345,815,352,280,874,817,343,292,881,281,886,807,344,286,880,287,873,292,872,286,876,819,348,283,877,814,344,820,348,286,876,285,873,291,878,288,876,286,876,282,885,809,347,818,345,291,879,283,
2:347,291,876,815,347,289,874,288,877,814,343,293,871,292,883,278,872,291,878,813,347,290,875,816,344,820,344,288,883,281,878,288,874,288,875,288,876,285,878,816,348,818,343,289,876,287,10387,291,870,820,343,289,873,816,354,808,345,292,873,816,342,293,877,288,873,820,340,817,345,291,875,818,345,290,874,288,874,817,348,287,877,286,876,290,877,285,874,821,345,286,875,817,344,817,344,288,876,288,871,290,878,285,877,286,877,290,874,814,347,817,347,285,879,288,10389,292,872,817,343,293,872,822,347,815,342,287,878,815,349,362,797,290,872,819,346,816,343,286,879,812,347,286,879,288,877,813,349,285,878,288,875,287,875,290,875,816,349,285,874,814,350,816,346,286,879,286,873,291,875,286,879,287,875,287,873,820,348,813,349,288,878,286,10387,292,872,820,344,284,875,818,347,817,341,288,878,815,341,288,876,289,877,813,347,816,345,287,873,814,356,282,874,288,877,815,345,289,879,287,874,290,882,281,874,818,345,288,875,821,348,813,343,291,873,290,873,291,876,287,884,279,875,287,871,820,345,815,348,286,883,281,10391,287,875,816,349,289,876,820,354,806,345,292,873,820,340,293,880,284,873,818,348,813,346,291,869,821,348,284,873,293,873,816,348,287,879,286,874,294,869,286,878,814,344,294,875,815,344,814,354,291,872,285,877,289,876,287,878,284,878,284,876,817,346,815,347,291,872,292,10383,290,877,819,343,289,876,821,340,816,348,292,878,812,344,290,877,287,876,816,344,816,348,289,874,817,348,284,875,293,873,816,345,287,882,281,881,285,873,291,877,816,351,280,877,813,345,819,349,285,879,284,881,283,877,287,876,285,880,284,876,817,346,814,346,292,878,286,10391,289,872,818,346,288,872,816,349,818,346,290,873,818,345,291,875,288,874,816,346,815,352,281,876,816,347,289,877,290,874,811,348,289,876,287,896,274,874,285,872,823,342,287,881,810,346,816,348,288,878,286,875,290,873,288,874,290,872,289,872,821,346,818,349,285,877,285,10388,293,873,819,352,280,877,815,344,820,346,288,878,813,348,290,875,288,874,833,328,815,351,283,875,817,352,285,873,299,867,815,346,285,876,289,875,288,876,287,875,816,346,289,878,
3:883,807,346,289,879,285,876,815,355,290,871,283,884,282,876,285,879,822,338,288,877,812,349,816,347,289,879,283,874,291,881,281,882,282,883,280,880,813,348,815,366,272,879,285,10395,285,877,812,355,281,878,814,356,810,343,290,881,810,353,285,875,289,880,808,349,811,351,286,881,820,342,288,877,286,877,815,345,287,874,293,878,280,876,291,874,813,353,284,878,815,349,816,345,287,882,286,878,287,876,286,876,306,865,277,885,810,348,818,346,286,881,282,10396,285,875,814,347,287,874,814,345,820,340,291,879,816,347,287,876,286,879,818,340,818,345,290,879,815,348,331,830,287,876,819,346,287,881,280,879,287,874,288,881,814,351,282,885,805,351,812,345,289,897,267,876,287,875,287,878,285,881,285,878,818,341,815,351,283,885,282,10399,282,877,815,348,290,869,822,348,811,351,287,880,810,345,285,879,289,872,820,348,812,348,285,876,815,345,286,881,293,871,814,346,287,882,283,880,285,878,287,875,816,347,305,860,816,344,816,352,281,883,280,879,288,876,285,879,289,877,285,873,819,349,817,350,282,888,272,10402,281,881,814,349,283,877,812,350,813,352,283,875,814,348,282,879,288,880,813,346,814,353,280,883,807,352,285,876,287,890,799,358,276,883,286,880,301,861,284,878,818,347,285,879,815,357,811,350,279,884,279,878,287,881,282,878,288,876,284,876,816,347,813,349,292,876,280,10404,279,877,819,345,290,877,819,349,812,347,289,876,817,346,291,876,284,879,811,349,816,348,286,878,816,354,280,877,288,894,802,342,289,879,283,879,286,878,283,878,817,337,298,865,829,337,823,343,345,829,285,868,297,875,283,872,298,868,291,873,824,340,821,339,294,875,293,10389,287,872,821,344,292,873,818,345,819,341,292,876,818,346,291,873,290,867,825,343,817,343,311,856,820,343,291,877,287,876,817,345,288,880,284,873,291,875,290,871,821,345,287,873,819,345,818,349,285,880,290,869,290,872,292,871,293,875,288,877,817,344,815,347,292,877,288,10383,302,864,826,341,290,868,821,343,825,340,293,872,824,337,297,868,314,853,822,341,819,344,291,869,823,346,288,872,295,867,825,342,288,873,293,876,292,866,295,870,823,344,286,871,821,344,823,

C_off_samples:
1:279,866,823,342,289,879,287,873,288,877,287,874,287,882,285,878,288,869,816,364,276,881,281,872,293,10391,288,870,820,338,295,872,822,339,821,342,294,869,824,349,287,873,292,871,821,339,822,342,290,870,820,343,294,869,296,871,816,345,289,876,288,881,286,875,287,870,823,347,284,879,822,339,291,875,295,869,285,871,296,873,310,860,283,874,289,875,818,344,292,872,291,874,287,10395,287,870,817,339,299,869,821,343,819,342,291,874,817,342,293,874,288,871,821,339,823,340,292,873,823,341,289,873,294,874,817,341,292,881,282,877,286,871,291,873,819,347,289,875,825,338,288,896,272,878,282,874,290,874,288,873,292,874,289,877,815,342,292,874,291,873,290,10390,289,866,817,344,294,871,823,341,818,344,288,877,819,342,292,873,294,876,813,343,816,351,287,873,820,341,290,874,290,876,818,346,286,877,294,866,294,869,290,880,834,328,286,875,816,342,290,879,289,870,292,877,288,873,288,868,294,877,289,871,817,349,287,873,291,878,288,10394,284,874,814,634,887,814,339,811,347,286,878,816,348,284,875,313,855,818,344,814,347,286,874,813,349,285,883,285,876,816,342,289,880,284,886,281,880,281,873,821,346,288,875,813,350,286,879,284,885,277,875,291,876,284,886,281,872,292,874,813,347,290,876,287,877,288,10396,289,871,822,340,290,870,821,345,816,365,272,872,819,348,288,874,287,883,810,345,822,342,284,874,818,342,292,875,289,882,806,349,285,879,288,874,290,883,278,877,819,343,290,873,821,347,285,867,302,881,279,864,303,858,303,872,293,863,299,864,829,338,300,861,299,874,287,10383,298,863,847,316,296,871,817,338,826,338,297,872,819,339,298,862,300,867,824,340,821,346,287,871,826,341,290,868,298,866,826,342,288,872,293,877,288,871,292,875,813,343,294,868,825,341,290,873,293,880,283,868,297,874,286,872,299,861,297,871,819,345,291,873,311,852,291,10389,289,870,820,339,295,865,828,335,821,341,294,875,820,341,292,867,298,870,818,343,820,345,288,878,816,346,288,872,294,872,820,347,286,876,290,874,290,873,290,875,826,338,285,874,818,342,291,874,295,869,293,868,295,871,291,872,291,895,271,876,813,338,297,871,292,874,293
2:874,817,346,290,874,819,346,323,837,293,868,292,873,290,877,307,858,289,870,292,871,822,340,294,879,287,873,287,10388,290,868,824,337,297,867,827,340,822,339,292,873,819,341,292,875,289,874,818,339,821,341,290,871,826,344,291,866,298,863,832,339,290,869,294,872,290,871,291,869,825,341,293,873,820,342,291,895,271,873,287,876,291,871,291,871,292,873,287,876,820,348,288,868,297,873,288,10382,295,865,820,338,299,869,823,336,824,342,296,867,825,340,296,871,291,865,822,342,823,340,295,876,818,340,292,868,295,870,824,349,284,876,282,873,293,871,289,874,842,327,286,877,812,349,284,878,290,884,282,870,291,876,286,874,291,876,290,872,816,344,292,872,292,872,296,10384,294,863,826,340,293,866,827,340,820,349,287,868,825,339,295,869,295,870,823,340,828,336,288,875,815,343,290,871,294,875,816,342,292,894,274,866,296,874,289,867,825,344,289,870,820,343,294,872,289,878,283,878,288,870,294,874,287,872,294,875,815,345,290,876,289,868,297,10381,300,870,820,337,295,868,822,345,818,345,289,869,826,341,290,872,294,869,827,337,817,346,289,871,817,346,308,854,294,868,820,347,286,875,290,879,289,866,296,869,825,343,286,877,821,344,286,875,290,874,288,877,290,877,285,874,290,872,289,874,817,345,294,868,294,878,285,10382,296,865,832,334,293,861,828,340,821,339,296,870,820,342,296,867,294,868,825,355,815,333,292,871,828,339,289,875,288,870,823,343,289,876,290,871,292,877,286,871,816,343,293,871,822,344,289,872,294,871,294,866,298,869,290,879,284,872,291,874,819,346,289,868,297,871,289,10383,298,867,821,339,295,868,823,338,822,341,293,875,819,358,276,867,297,868,821,342,821,347,288,870,824,341,291,870,296,876,815,342,292,873,287,874,294,871,291,881,813,342,290,874,818,344,289,871,294,872,288,875,290,873,290,871,298,866,295,874,813,342,295,869,292,871,299,10378,299,862,827,341,292,868,851,313,822,343,293,864,829,338,293,868,297,872,817,346,816,351,283,874,817,340,294,871,291,877,815,351,282,875,291,872,291,874,287,874,828,339,286,875,814,345,291,876,286,869,295,871,293,872,294,874,287,874,290,870,818,345,
3:344,291,883,810,340,295,873,291,880,285,875,285,873,292,884,279,874,291,890,805,337,290,884,284,869,293,10384,292,869,821,342,291,870,820,344,818,341,290,878,813,342,293,867,294,875,816,346,816,352,281,870,821,344,287,882,286,871,816,343,292,876,289,871,292,874,290,871,822,343,287,875,821,340,291,874,290,872,293,868,311,852,293,872,291,873,292,872,816,344,297,868,293,871,292,10387,293,867,821,339,292,877,815,343,819,341,295,868,829,336,291,872,291,876,819,339,819,344,290,875,814,344,292,874,290,878,812,342,291,875,291,877,290,870,290,870,823,343,289,875,820,344,307,858,289,873,288,872,291,874,292,875,288,870,292,873,825,340,290,917,247,873,287,10398,283,868,821,340,294,869,821,339,818,343,291,873,824,389,245,874,290,873,816,344,820,342,289,876,818,350,282,872,295,872,822,340,292,876,287,872,292,873,288,891,800,344,292,874,817,349,283,874,297,870,286,876,290,876,285,874,292,868,294,876,817,338,296,871,292,878,282,10392,284,870,826,343,287,870,820,342,820,341,294,880,810,343,294,881,285,870,819,339,822,341,294,870,822,346,288,872,293,871,820,344,306,866,280,873,295,868,292,870,826,343,287,872,818,342,293,872,288,875,293,871,286,874,291,873,291,875,286,873,820,341,294,883,279,879,288,10382,296,864,829,338,289,870,820,342,827,338,292,881,814,339,294,872,291,879,812,344,816,343,293,875,819,358,277,873,292,872,817,342,292,878,321,839,294,871,287,876,819,345,287,873,816,348,289,871,292,871,291,879,282,880,288,871,290,871,294,869,818,346,286,876,289,873,295,10380,289,876,817,340,292,875,818,339,826,341,291,873,821,348,285,872,294,871,822,362,794,348,286,874,819,344,290,874,292,872,818,340,292,872,295,873,294,871,286,874,815,351,286,875,815,343,293,874,291,874,287,880,287,874,290,872,286,873,290,874,819,349,286,875,287,886,281,10380,293,868,829,337,294,866,835,332,815,345,295,873,834,323,297,869,294,870,819,344,824,334,296,870,822,347,286,872,292,871,821,342,288,877,291,873,291,877,285,870,824,347,286,871,818,344,289,875,291,879,284,875,286,883,280,875,291,873,291,868,819,354,280,875,291,

D_on_samples:
1:337,820,343,820,343,288,877,287,881,283,872,293,875,813,344,292,876,817,341,816,350,283,877,289,10385,288,873,818,345,294,876,818,340,817,348,331,834,814,345,292,873,289,876,814,351,812,346,290,871,825,351,278,882,283,881,812,344,287,881,285,875,289,876,289,873,291,870,816,348,820,340,820,348,286,879,285,874,291,881,279,877,820,345,289,869,820,348,815,354,278,876,286,10397,282,877,814,344,291,873,825,336,820,349,282,876,821,346,281,871,292,876,819,345,816,342,288,875,816,345,289,877,288,878,812,348,285,878,288,875,288,878,286,874,290,877,813,345,818,343,823,343,285,882,282,876,290,880,284,878,814,348,285,878,811,351,814,353,280,879,284,10399,283,870,824,342,288,878,816,342,822,358,279,878,813,354,279,875,291,871,817,345,816,343,293,878,815,344,290,878,288,874,820,342,286,875,290,874,286,876,288,876,285,882,816,347,814,351,812,347,293,871,288,877,289,877,286,875,818,343,288,881,816,348,812,345,292,883,281,10388,285,876,816,347,290,873,819,343,819,341,294,880,814,345,288,883,283,874,812,347,817,351,283,880,814,342,290,880,286,877,815,343,288,880,287,873,285,876,290,876,289,876,816,346,815,349,815,346,286,882,286,873,286,877,289,874,814,352,284,880,814,346,816,351,283,879,289,10396,282,875,816,345,291,875,818,345,815,345,288,887,809,341,289,877,288,878,813,341,822,348,282,874,815,349,284,878,291,873,817,346,287,879,291,868,291,878,287,875,286,880,810,347,818,346,816,346,287,878,287,880,286,873,287,876,822,346,284,888,805,347,812,349,288,883,281,10392,287,879,818,341,290,870,819,346,816,346,288,874,813,345,287,882,288,871,822,341,815,347,288,871,818,345,291,878,285,874,817,346,286,879,290,882,281,877,284,875,290,875,812,349,815,347,816,356,277,886,280,876,288,886,279,873,820,344,289,872,816,345,819,350,285,876,286,10396,284,872,827,346,285,873,821,343,819,348,287,873,817,346,290,880,287,873,817,343,823,341,287,875,821,341,291,874,291,873,815,349,289,877,286,874,289,882,282,873,291,876,817,346,814,349,816,347,285,878,286,877,289,874,286,880,810,345,289,878,815,349,815,349,285,874,291,
2:353,281,876,289,866,300,867,293,874,812,356,282,871,823,347,811,347,291,872,292,10381,301,863,826,343,290,867,823,348,816,342,289,870,824,358,278,867,297,869,819,343,819,347,287,874,824,341,291,874,291,873,816,343,290,874,291,877,291,873,288,876,286,875,819,346,811,342,823,352,281,878,286,879,286,879,284,873,821,344,287,876,813,353,808,346,290,879,286,10394,290,865,823,351,291,874,821,339,821,342,293,864,830,343,292,873,293,865,824,344,818,342,294,871,815,349,287,872,292,872,818,344,291,870,293,871,291,870,295,868,293,872,818,349,814,347,814,351,284,871,294,873,288,874,292,874,818,350,284,870,828,340,817,349,284,877,306,10364,292,869,822,345,288,873,819,341,821,343,291,877,815,350,285,877,286,874,819,342,818,349,287,878,815,345,292,873,292,873,815,347,287,871,293,872,287,876,289,876,291,872,819,344,819,345,816,354,281,873,292,875,285,877,290,872,819,345,289,894,799,344,822,345,283,884,282,10395,289,873,822,340,290,874,815,346,811,350,282,871,823,341,288,878,287,871,819,348,814,348,285,879,813,346,286,877,290,876,813,354,280,881,283,876,288,877,289,880,283,875,816,345,815,349,820,344,286,876,290,887,277,874,286,878,820,344,288,873,816,346,815,346,295,875,285,10391,291,873,819,342,289,877,816,345,814,344,291,874,816,349,286,873,287,878,813,346,817,345,287,878,813,345,290,878,284,877,816,347,287,877,288,882,285,880,281,871,294,872,817,346,830,332,816,350,283,882,284,878,288,875,287,875,818,350,284,877,811,345,819,349,284,887,278,10398,286,868,824,343,289,877,818,347,815,342,291,881,822,347,285,879,286,874,814,347,814,350,289,876,815,346,288,872,294,871,818,344,290,888,278,896,266,873,290,874,286,876,820,353,808,349,815,347,287,879,289,876,286,876,288,869,824,343,289,885,811,347,812,350,288,874,290,10385,291,874,817,340,292,873,821,345,816,346,291,878,816,340,292,875,287,887,805,343,819,346,288,879,815,348,288,873,291,897,792,346,287,876,290,876,283,876,287,876,289,871,817,347,818,343,818,350,285,876,289,877,283,876,288,877,814,345,290,872,815,346,816,350,284,880,286,10396,287,
3:875,288,884,283,874,288,877,813,344,822,345,815,344,291,877,289,871,290,881,281,884,811,351,282,877,815,347,813,348,287,883,283,10395,305,853,819,350,285,872,818,343,818,344,288,874,818,345,287,873,291,874,817,346,821,340,289,874,817,344,290,876,287,876,815,343,291,874,291,875,291,873,295,876,283,873,817,347,813,342,821,348,287,876,286,878,290,876,287,878,813,347,286,875,816,348,835,327,287,877,287,10396,289,874,821,336,293,875,815,351,813,345,291,878,816,342,290,877,287,871,821,349,811,344,293,885,805,352,287,873,290,873,818,343,288,876,290,873,289,874,292,876,283,875,820,346,816,348,817,344,287,887,279,877,290,874,289,895,803,338,289,885,810,349,812,349,287,878,284,10394,285,872,821,341,292,875,820,339,821,346,287,876,819,344,289,880,285,873,818,342,821,347,287,874,823,338,293,874,288,881,808,347,287,875,291,872,289,877,285,876,292,875,813,343,820,347,813,344,310,860,286,875,286,877,288,898,794,344,288,878,813,344,816,348,287,878,287,10396,284,873,823,343,294,873,812,344,826,336,290,873,814,345,290,876,290,876,814,344,819,342,290,872,819,352,282,872,294,872,818,345,287,879,286,875,289,874,291,875,289,874,822,337,819,345,820,350,283,882,281,875,290,881,281,878,819,342,288,882,815,340,817,348,288,885,280,10395,285,875,818,345,289,874,820,341,822,343,294,872,817,341,295,876,287,876,813,348,814,346,289,874,817,343,291,881,282,876,814,347,288,872,292,901,263,871,292,876,287,874,815,346,822,339,817,348,286,880,286,875,290,875,285,878,810,348,287,876,816,344,818,346,287,883,281,10395,288,871,819,344,291,877,815,348,820,340,290,880,815,343,288,882,285,869,819,349,814,347,289,894,800,350,282,882,284,878,812,346,285,879,291,872,285,875,292,873,292,873,819,344,816,348,823,340,287,876,289,875,289,875,289,884,815,342,282,879,810,349,815,352,280,876,289,10392,284,881,812,343,295,870,818,350,813,346,291,877,815,348,288,875,288,892,799,347,813,347,291,879,813,347,286,877,288,877,821,341,288,878,285,873,294,876,288,876,289,870,816,354,810,348,814,353,281,881,284,877,286,876,287,875,822,344,287,

D_off_samples:
1:342,290,876,817,340,818,341,294,874,823,341,290,868,295,874,817,344,816,344,292,873,819,346,288,871,297,874,813,348,288,875,286,876,290,874,288,873,291,877,815,343,819,342,292,882,279,876,290,870,294,876,283,878,817,347,286,877,819,343,290,872,297,871,282,10402,281,871,819,342,291,869,826,341,819,347,289,867,819,340,297,870,292,866,823,345,819,346,285,878,814,344,286,895,276,870,816,353,281,878,287,873,291,880,283,872,289,877,817,342,819,341,294,872,291,875,288,874,288,876,287,878,814,345,290,876,817,345,288,879,287,879,285,10385,295,869,818,348,288,872,821,339,821,342,290,876,814,341,297,881,284,866,819,344,817,346,287,877,815,341,292,872,294,875,816,346,290,879,287,870,293,875,285,874,291,872,817,353,810,345,289,875,288,874,296,869,290,870,297,868,816,346,290,874,819,347,289,876,288,873,289,10391,294,867,818,346,286,871,815,344,819,344,291,874,818,344,291,876,289,882,808,343,819,342,290,874,820,348,284,879,286,891,802,347,287,877,288,875,293,867,293,871,291,876,816,347,813,348,286,870,293,878,287,882,283,878,283,874,819,344,290,876,817,349,285,876,292,872,288,10389,288,873,819,343,294,871,817,343,820,345,289,879,810,344,288,872,293,873,821,347,815,342,289,872,817,346,288,869,294,876,815,347,286,879,288,870,299,871,286,874,292,870,820,342,818,346,288,877,284,874,293,872,290,873,290,875,816,345,291,874,815,340,297,875,285,879,291,10389,287,870,819,350,282,876,820,345,815,341,296,872,818,349,284,872,293,875,817,341,823,337,290,874,818,343,291,873,291,872,827,338,287,883,280,879,288,921,243,876,286,873,818,343,819,342,293,874,289,876,289,874,286,876,289,881,808,343,293,871,823,343,289,877,291,871,290,10387,294,871,816,345,291,877,816,342,817,347,286,874,819,337,298,869,294,872,817,344,818,342,296,873,817,347,287,871,293,873,815,349,288,870,290,878,286,877,287,878,284,881,811,344,816,344,289,875,292,870,291,876,287,874,292,872,817,346,288,876,819,350,283,878,289,873,289,10384,292,868,818,343,291,870,828,335,823,341,292,879,812,348,289,872,294,874,813,344,817,348,291,869,827,338,289,
2:345,814,344,290,878,287,870,294,869,292,873,290,871,817,350,284,877,816,345,289,874,296,870,292,10393,286,868,818,346,287,874,820,340,822,342,294,875,815,342,296,868,292,874,817,342,818,346,289,871,817,346,287,884,283,874,855,316,277,875,291,874,293,871,290,874,289,875,815,345,816,346,290,873,289,882,282,873,290,874,291,872,819,344,289,876,817,344,291,878,286,882,282,10391,287,871,821,341,292,871,822,347,815,348,284,870,820,345,290,875,288,872,820,344,819,345,287,871,817,343,292,877,286,875,815,345,290,884,278,873,289,879,289,871,288,874,815,347,816,348,286,876,288,875,293,873,288,872,291,874,817,342,290,875,821,345,288,878,284,874,293,10385,291,867,821,341,290,878,815,339,825,344,288,875,821,346,286,875,289,881,809,341,820,349,286,877,818,347,287,870,293,874,815,348,286,874,293,878,281,876,289,879,284,878,817,344,816,348,286,874,291,875,292,876,282,874,294,873,817,347,287,877,815,346,291,872,289,880,281,10393,288,876,817,341,291,868,820,349,813,344,293,872,818,343,293,869,294,870,824,339,820,343,291,873,820,347,286,872,293,875,818,344,287,879,284,877,292,873,289,869,294,873,818,341,819,347,288,875,291,868,291,873,290,880,281,880,815,347,288,874,821,345,287,877,290,871,289,10403,280,874,811,352,284,874,819,346,815,348,282,878,815,347,285,880,285,877,813,347,820,341,285,876,815,347,288,876,290,882,807,348,286,879,286,878,287,883,278,882,283,875,815,350,811,350,287,875,287,875,288,875,289,880,285,881,807,350,287,876,816,347,293,873,286,877,287,10391,289,870,819,345,291,882,810,350,813,341,290,874,817,343,289,876,288,875,817,345,816,348,290,870,818,354,279,874,294,872,817,344,289,875,287,880,284,874,289,877,291,872,812,347,816,347,287,876,288,874,289,876,288,867,302,864,829,334,297,871,820,341,296,866,297,865,297,10381,296,862,825,338,298,862,836,334,820,340,297,868,826,336,296,869,295,867,824,337,827,342,292,873,822,344,285,872,292,875,817,343,289,878,290,872,291,870,292,873,296,871,822,335,819,345,289,877,292,869,291,870,294,872,289,872,820,342,300,864,824,343,288,875,291,873,290,
3:879,285,878,812,344,818,345,291,875,817,350,282,881,285,874,814,360,276,879,286,875,288,878,284,877,290,876,811,348,817,348,285,876,287,882,281,879,287,875,291,875,814,352,284,878,815,344,290,878,286,873,292,10392,282,879,814,344,290,873,821,349,812,344,289,873,817,348,283,876,296,871,815,345,817,348,282,879,812,346,287,878,290,870,818,351,282,886,278,885,280,877,287,876,288,874,818,349,811,345,292,875,288,862,302,866,299,864,297,866,827,336,298,869,825,340,291,872,296,864,299,10382,297,865,822,339,296,866,827,337,827,342,287,872,822,338,295,864,300,873,817,339,820,344,289,869,821,344,291,871,292,870,823,344,287,872,302,868,292,868,292,868,297,870,816,344,821,343,291,873,291,872,291,871,298,865,295,873,816,344,290,877,818,341,292,875,289,875,287,10389,292,865,829,334,292,867,823,346,818,336,297,871,825,337,296,872,291,873,819,346,816,339,293,872,821,346,287,875,292,872,815,344,292,875,289,874,294,878,280,884,283,873,817,348,813,342,289,878,289,874,290,872,291,877,287,869,823,340,293,879,813,350,286,878,285,874,289,10388,291,871,820,347,289,870,819,342,823,341,290,870,821,342,290,872,293,871,817,345,826,343,285,871,819,343,289,874,291,879,813,346,286,879,285,874,289,872,299,868,293,869,819,350,811,346,288,875,287,873,290,873,289,873,292,878,809,346,289,874,818,342,294,872,289,874,293,10394,287,871,822,336,296,877,817,340,817,346,292,868,821,352,284,877,286,871,821,344,820,342,289,878,813,341,292,873,292,878,810,348,285,878,288,878,288,873,288,915,252,870,825,338,818,343,292,873,291,871,291,874,290,874,289,875,821,336,294,872,819,350,286,873,294,873,286,10391,291,867,823,339,294,871,828,343,813,341,289,871,820,342,293,872,292,874,816,343,819,348,284,875,829,339,286,876,289,873,817,347,288,871,290,874,289,876,287,877,285,887,804,342,820,344,291,876,288,871,290,876,289,878,286,876,813,347,289,878,817,344,290,882,282,874,288,10386,295,863,820,341,294,869,824,344,818,342,291,876,816,341,295,872,292,871,820,341,820,346,287,877,820,346,289,868,292,873,820,340,292,878,287,872,294,875,285,

all_on_samples:
1:340,296,866,296,867,824,343,819,344,290,877,820,343,289,875,292,868,823,344,289,877,286,872,293,874,290,874,289,875,818,339,293,874,293,878,286,870,292,869,297,869,292,875,817,340,297,866,297,875,286,874,289,874,295,10385,295,862,825,337,298,867,827,340,823,336,295,869,825,339,295,871,295,864,827,339,821,344,287,874,825,340,290,871,291,872,821,344,288,880,286,875,291,873,287,875,289,873,819,342,289,879,289,868,293,876,287,877,284,874,295,874,814,341,292,882,284,871,294,875,288,874,287,10387,292,866,827,338,296,877,813,339,826,345,291,873,821,343,289,870,294,869,820,345,817,350,284,870,822,342,290,893,272,873,818,344,291,869,294,875,287,877,288,870,295,869,815,351,291,872,287,876,290,868,295,871,290,872,292,872,821,341,294,879,286,876,286,871,291,873,290,10383,295,873,822,337,295,867,825,337,820,344,294,877,811,346,293,867,296,870,821,342,824,333,296,870,827,339,293,873,292,871,818,346,291,874,290,872,291,875,288,872,293,872,818,348,287,882,277,876,292,871,292,873,289,872,291,873,817,344,289,876,289,875,289,880,285,875,294,10384,290,863,831,335,296,864,827,343,817,344,291,868,827,333,293,870,295,872,820,339,822,341,291,870,818,347,288,874,296,867,824,342,287,874,292,871,295,874,287,873,291,876,815,340,294,868,299,874,286,877,286,873,287,871,293,878,818,344,285,879,288,869,294,874,293,867,296,10384,292,865,826,342,293,872,820,339,825,342,293,872,820,341,333,836,288,870,820,343,817,344,294,875,819,338,296,872,293,877,813,354,281,871,293,872,290,871,291,872,290,873,818,341,295,874,289,873,290,876,289,871,292,878,283,879,812,343,290,875,290,875,290,870,294,870,295,10390,289,865,823,341,291,874,817,339,824,337,297,872,821,343,293,867,304,863,820,343,819,347,289,874,818,343,291,870,293,874,819,342,291,880,286,871,294,872,291,871,293,875,817,344,288,874,292,872,290,878,329,830,292,873,289,872,821,344,293,871,295,877,281,873,295,868,292,10391,292,869,823,339,293,864,825,341,821,343,292,871,823,338,296,874,289,878,813,341,822,344,290,870,824,342,293,871,293,872,821,342,290,874,291,878,286,
2:873,289,875,288,10383,294,869,827,336,295,873,817,341,823,340,291,873,824,341,291,876,292,868,821,338,821,343,292,875,818,341,298,871,288,873,822,339,290,874,294,870,289,871,294,871,292,874,819,346,288,873,291,875,288,876,287,873,291,875,290,870,820,343,289,873,293,871,291,872,291,874,286,10381,298,870,820,340,292,867,823,341,817,344,295,871,820,343,293,870,294,869,820,344,822,336,298,868,823,342,290,873,292,871,822,343,289,876,288,873,290,873,297,870,294,869,817,353,288,880,285,877,290,869,292,870,295,867,294,881,814,344,291,871,294,865,295,871,294,869,295,10388,291,867,825,338,293,873,820,341,820,341,294,873,820,346,286,873,295,869,821,339,825,337,292,878,813,339,298,872,291,868,822,345,288,876,289,875,291,874,288,873,293,874,814,341,293,871,293,868,293,869,297,875,283,871,295,875,824,335,290,877,289,868,297,870,294,874,291,10380,295,866,826,343,294,862,829,338,937,266,256,874,818,338,402,768,291,872,819,339,819,344,291,873,823,339,290,873,293,868,819,343,290,874,291,873,291,872,291,878,285,871,825,341,284,877,291,876,285,862,292,875,291,872,290,873,821,342,290,876,292,877,285,872,292,870,292,10385,298,866,821,342,293,868,821,343,823,342,290,869,821,342,296,867,294,871,819,344,817,343,293,872,822,347,286,874,290,869,823,347,288,875,288,875,290,877,282,875,293,876,820,342,285,882,283,872,293,876,287,871,294,871,291,871,821,343,292,872,297,874,285,871,292,871,290,10388,295,876,813,343,290,871,816,347,818,342,295,876,813,340,296,870,294,871,820,343,818,345,291,874,819,344,289,875,290,873,824,337,292,875,289,871,295,871,292,869,294,870,819,344,290,880,286,880,288,870,290,879,293,874,290,866,824,341,295,873,291,872,291,869,295,872,293,10382,298,869,824,339,294,864,829,339,819,341,297,881,813,338,293,869,295,871,822,339,824,340,296,863,822,343,292,875,291,875,815,339,292,876,290,871,294,872,290,872,296,867,819,351,284,870,297,870,286,876,290,873,291,872,293,872,820,340,292,873,292,871,292,881,286,871,290,10382,295,868,828,336,294,868,827,342,820,339,294,874,818,348,288,879,285,
3:875,325,833,293,875,285,874,822,342,292,871,292,873,289,875,286,870,296,875,286,871,818,345,287,873,297,866,293,873,292,873,288,10386,303,858,820,344,291,869,824,342,819,335,304,878,810,345,291,870,294,869,821,345,824,335,293,874,819,344,292,871,293,873,817,345,290,873,291,872,293,873,296,867,291,870,821,343,291,875,288,870,297,877,285,873,292,872,287,878,818,341,294,872,290,875,292,869,293,868,296,10389,292,868,820,344,290,880,815,337,825,343,291,870,824,344,289,874,291,868,824,340,819,343,296,864,823,340,290,878,290,873,819,344,290,876,286,874,292,877,287,990,191,856,812,344,289,884,283,872,294,872,288,871,290,873,293,872,825,339,294,872,293,871,291,872,292,869,299,10384,295,869,818,347,285,874,829,332,821,339,296,869,825,341,290,871,297,866,825,340,819,346,287,872,823,337,293,876,290,877,814,341,288,881,291,872,292,868,293,876,289,879,809,345,288,874,294,873,287,870,296,870,296,872,293,864,820,342,298,872,289,876,290,870,293,871,292,10389,289,865,825,340,298,870,823,344,821,340,291,870,826,339,295,869,294,869,822,341,821,341,291,877,817,352,281,880,287,874,815,346,291,874,290,871,293,870,293,874,291,873,823,339,288,876,290,871,293,872,292,872,292,877,284,874,820,339,296,873,298,864,292,869,295,872,290,10395,284,868,826,339,293,868,832,334,817,344,297,867,820,341,293,871,293,871,824,333,827,341,294,870,822,342,291,878,286,878,813,347,290,874,289,869,297,869,293,871,295,869,818,346,330,837,286,881,286,872,290,871,293,872,290,874,819,344,292,878,287,875,283,869,290,874,294,10394,289,868,824,347,286,874,819,341,819,341,296,878,816,343,288,873,291,873,819,343,819,351,281,874,817,341,292,874,293,877,812,343,291,876,288,875,290,877,285,878,287,871,820,340,291,875,297,865,291,872,293,874,286,874,295,873,816,346,286,883,282,871,291,878,290,866,294,10391,290,866,827,346,285,875,819,338,823,343,291,882,819,332,296,873,291,869,819,341,821,341,294,873,820,347,291,869,294,871,822,341,290,870,295,875,286,874,288,877,286,871,819,344,291,872,292,881,281,868,298,867,298,874,284,875,816,346,288,

all_off_samples:
1:285,868,291,874,291,870,292,870,293,879,286,867,299,870,292,865,303,864,294,869,294,10384,292,867,826,337,296,867,823,338,825,340,292,867,827,334,293,871,299,866,820,340,822,338,294,873,817,340,297,868,298,873,814,344,290,878,287,870,295,870,292,872,821,392,243,874,290,872,290,878,286,870,291,878,287,872,292,872,290,870,292,871,292,875,293,875,289,868,294,10390,282,870,822,342,297,870,826,337,821,344,299,859,827,344,295,871,290,865,825,340,821,342,292,869,828,339,291,871,294,870,827,340,290,872,294,865,297,869,291,876,815,342,292,873,294,869,290,882,289,870,292,869,290,871,296,870,289,870,292,868,297,874,286,875,292,874,285,10389,292,868,823,342,292,874,817,338,828,341,290,869,821,338,296,871,292,871,818,347,818,343,290,868,821,343,291,871,294,874,818,347,286,879,284,872,293,871,294,868,824,345,288,870,294,879,285,871,292,875,287,871,291,873,294,867,295,872,292,873,287,872,293,870,293,878,285,10391,290,869,830,332,296,867,820,343,826,340,293,876,817,344,290,869,294,874,820,340,818,341,296,869,823,341,292,874,294,872,817,341,293,874,296,866,295,871,290,872,822,339,294,875,288,873,293,872,291,871,292,877,287,871,294,872,289,871,299,868,290,868,291,870,297,869,292,10385,295,870,826,336,293,876,818,339,825,337,297,873,818,340,294,876,289,870,826,333,821,342,295,873,821,342,294,869,295,867,819,348,289,874,288,883,280,871,294,872,816,342,293,876,291,868,299,867,291,873,290,880,286,875,287,871,293,872,290,873,290,875,291,872,292,870,289,10383,298,864,830,329,297,869,826,336,822,336,298,869,823,342,294,869,295,871,819,342,826,337,291,871,824,342,290,874,292,869,823,339,294,872,291,875,289,881,280,878,820,341,290,872,291,874,290,871,294,871,295,869,291,874,291,873,290,872,291,877,285,870,293,873,289,877,288,10383,295,872,818,340,295,877,816,340,826,338,294,873,820,340,296,868,295,867,823,349,812,348,290,869,822,338,293,878,290,874,819,340,296,870,293,866,297,872,290,877,815,344,289,872,293,873,291,871,293,871,292,875,288,869,297,871,295,866,294,869,292,869,297,872,292,870,293,10379,298,
2:339,291,866,824,343,288,867,303,864,825,344,822,335,296,862,827,339,295,869,295,866,826,340,294,867,297,862,305,907,254,866,828,341,291,874,293,868,299,862,292,865,310,852,293,873,292,872,289,874,290,873,289,884,322,824,292,875,288,10395,289,862,829,340,294,869,819,343,823,342,293,873,821,343,290,872,294,871,817,341,823,340,319,850,819,345,289,873,292,870,822,341,291,877,290,872,293,878,290,873,819,345,285,874,292,875,292,868,295,870,292,866,297,871,294,871,292,869,295,874,288,873,289,871,290,874,288,10384,300,862,829,338,296,868,828,334,825,343,293,868,820,344,295,869,295,870,819,341,823,337,295,870,827,342,293,867,294,871,820,351,282,870,297,872,288,870,294,872,818,348,289,872,295,870,293,875,286,870,294,873,293,868,293,873,289,871,295,870,292,871,294,870,292,868,296,10379,300,863,827,341,290,869,822,341,824,337,295,868,822,342,294,867,299,865,824,338,825,339,295,869,831,340,288,870,297,862,828,347,285,876,289,868,298,869,291,874,822,345,288,872,294,870,291,871,294,875,290,873,288,874,289,870,294,872,294,869,292,877,287,870,292,868,295,10381,299,865,824,340,296,863,831,340,821,339,296,869,823,338,298,866,307,860,821,339,825,341,292,874,819,343,291,881,288,870,819,341,292,871,294,869,296,878,285,872,821,343,289,875,294,867,295,870,292,871,294,871,293,869,291,883,292,872,291,863,297,871,293,873,294,864,298,10380,299,861,831,338,296,860,832,337,833,332,294,874,822,335,297,867,297,862,827,339,823,344,292,867,831,334,295,876,289,872,818,344,290,867,301,866,298,865,297,868,824,341,294,869,295,869,293,866,301,865,296,867,297,866,302,864,295,867,296,865,298,871,296,868,292,867,296,10381,298,868,823,338,296,866,828,339,824,338,298,863,834,333,296,868,295,866,825,336,824,340,295,875,816,343,291,872,293,864,830,337,292,867,299,868,294,866,299,863,827,340,294,866,297,866,296,870,293,870,295,868,298,865,293,876,296,859,296,875,292,859,316,853,287,873,293,10374,301,862,830,342,294,862,830,342,819,341,294,871,823,344,291,873,290,867,824,342,818,343,292,872,823,344,288,878,414,747,818,341,295,
3:289,877,288,876,282,878,290,876,286,879,288,871,290,872,290,878,289,879,283,870,295,874,284,10392,287,870,822,341,292,868,821,344,814,353,285,873,819,343,294,872,290,876,814,342,823,345,299,861,821,351,282,874,291,873,822,343,289,879,286,877,287,872,292,872,825,336,295,863,301,862,301,868,298,863,298,862,303,860,302,860,304,863,302,867,294,860,304,864,299,864,298,10378,303,855,838,332,299,862,831,332,829,332,298,861,826,336,300,871,296,861,828,339,823,337,295,864,828,336,298,864,300,865,827,338,294,869,297,864,298,866,300,865,828,340,293,862,302,868,295,868,297,869,293,865,299,860,301,872,291,873,293,869,291,863,303,866,298,869,296,10371,305,858,834,335,295,862,832,336,837,326,299,866,823,344,294,869,295,868,824,339,821,338,297,864,826,341,294,865,298,868,824,335,295,871,295,870,293,867,297,867,825,344,287,871,296,865,296,864,301,868,291,868,300,864,298,864,300,868,293,869,295,866,300,866,295,873,293,10377,477,707,810,340,297,857,902,283,810,335,298,867,825,339,299,858,304,865,825,340,821,340,294,864,830,436,220,855,290,866,824,339,308,854,300,870,292,871,290,869,820,343,291,872,293,892,273,868,293,871,296,867,296,868,296,867,295,865,299,871,290,872,292,870,291,885,281,10388,545,620,820,337,298,864,830,335,823,340,295,864,830,343,290,866,302,864,821,343,822,341,293,874,822,343,289,871,296,870,820,340,293,877,288,952,225,856,297,871,821,342,290,871,293,870,291,875,292,868,293,870,295,868,296,867,296,873,291,874,289,871,295,867,293,874,293,10373,301,861,833,337,297,861,825,346,818,341,292,869,822,337,295,870,293,872,821,337,823,342,292,870,830,334,292,867,297,870,819,344,289,874,293,870,295,872,292,871,819,345,289,871,294,870,293,873,291,873,289,872,291,881,285,875,288,869,296,869,290,874,292,871,292,869,295,10377,302,860,829,341,293,869,823,340,824,344,290,871,820,354,281,872,295,876,813,343,816,342,295,874,821,345,289,873,291,869,827,335,295,869,294,870,290,877,288,874,816,344,294,873,290,872,294,868,292,872,291,869,295,871,287,877,290,878,284,872,292,873,289,876,290,873,





